0.655145 -0.492636 0.572796 0.522437 0.843084 0.127553 -0.545752 0.215684 0.809713 -0.0318381 -1.2243 3.65802 
 0.815804 -0.262859 0.515141 0.380768 0.914565 -0.136332 -0.435294 0.307369 0.846194 -0.202942 -1.31001 3.35937 
 -0.537538 -0.434049 0.722948 0.545915 0.474294 0.690668 -0.642674 0.765929 -0.0179978 -0.201234 -1.27144 3.26409 
 0.882647 -0.169112 0.43856 0.352551 0.85528 -0.379742 -0.310873 0.489793 0.814531 -0.0520119 -1.44613 3.25035 
 -0.42626 -0.256855 0.867368 0.636713 0.59591 0.489375 -0.642572 0.760866 -0.0904697 -0.0600769 -1.42409 3.1486 
 0.792066 0.136058 -0.59508 -0.391699 0.860967 -0.324511 0.468192 0.490126 0.735236 0.013433 -1.44777 3.29369 
 -0.991053 0.0447892 -0.125728 -0.058528 0.700765 0.710987 0.11995 0.711985 -0.691874 -0.172275 -1.53788 3.36482 
 -0.551894 0.0452033 -0.832688 -0.541837 0.739592 0.399271 0.633898 0.671536 -0.383683 -0.128853 -1.54264 3.40819 
 